16.600000000000023 0.3 0.4714285714285714 0.7477968951266951 0.8515088294472762
24.900000000000023 0.3 0.44285714285714284 0.7184489215166805 0.8321669662655896
33.200000000000024 0.2857142857142857 0.44285714285714284 0.6863214258495528 0.8106839082436712
41.50000000000003 0.2714285714285714 0.42142857142857143 0.6512700467552414 0.7868422113689834
49.800000000000026 0.2571428571428571 0.4142857142857143 0.6131870342347778 0.7604126271233888
58.10000000000003 0.21428571428571427 0.4 0.5720203509580125 0.7311580720320094
66.40000000000003 0.22857142857142856 0.37142857142857144 0.5277991056629499 0.6988397714818617
74.70000000000003 0.21428571428571427 0.37142857142857144 0.4806682955963159 0.6632261774199875
83.00000000000003 0.17142857142857143 0.37142857142857144 0.4309390095365793 0.6241052961551437
91.30000000000003 0.2 0.35714285714285715 0.37916785704010986 0.5813010518542703
99.60000000000004 0.18571428571428572 0.32857142857142857 0.3262978305268302 0.5346942737566732
107.90000000000003 0.17142857142857143 0.32857142857142857 0.2739369688117006 0.4842489605846656
116.20000000000003 0.15714285714285714 0.2857142857142857 0.22494457428464573 0.4300450928465569
124.50000000000004 0.14285714285714285 0.2 0.18456490585814647 0.3723218336363828
132.80000000000004 0.12857142857142856 0.2 0.16145784745539243 0.3115440708785002
141.10000000000005 0.12857142857142856 0.12857142857142856 0.1640200534162521 0.24853816424853725
149.40000000000003 0.12857142857142856 0.11428571428571428 0.19099624743135651 0.1848786990306557
157.70000000000005 0.14285714285714285 0.07142857142857142 0.23311994626117818 0.12440554435673212
166.00000000000003 0.15714285714285714 0.07142857142857142 0.2823465500094713 0.0806012194088298
174.30000000000004 0.15714285714285714 0.08571428571428572 0.3340252179628472 0.0873273282150082
182.60000000000005 0.18571428571428572 0.07142857142857142 0.3856315180331252 0.1369524997153842
190.90000000000003 0.17142857142857143 0.08571428571428572 0.4357445025318741 0.19822270998362485
199.20000000000005 0.2 0.14285714285714285 0.48353838686524864 0.2611942862079973
207.50000000000003 0.24285714285714285 0.15714285714285714 0.5285393292855183 0.32283833943846313
215.80000000000004 0.2714285714285714 0.2 0.5704997420604397 0.3818336948130026
224.10000000000002 0.2857142857142857 0.2571428571428571 0.6093255374788664 0.43747882556832796
232.40000000000003 0.34285714285714286 0.3142857142857143 0.6450291113048361 0.48939356766874775
240.70000000000005 0.38571428571428573 0.35714285714285715 0.6776963581403485 0.5374056199969859
249.00000000000003 0.4714285714285714 0.38571428571428573 0.7074624080569569 0.5814903941791689
257.3 0.5 0.44285714285714284 0.7344934428900022 0.6217299709943388
265.6000000000001 0.5142857142857142 0.5 0.7589730835439955 0.6582813585693721
273.90000000000003 0.5428571428571428 0.5142857142857142 0.7810923412984748 0.6913511005701236
282.20000000000005 0.6 0.5571428571428572 0.8010423734220441 0.7211751733834627
290.50000000000006 0.6571428571428571 0.6428571428571429 0.819009431253483 0.7480035238012898
298.80000000000007 0.7285714285714285 0.6714285714285714 0.8351714977849516 0.7720886161195969
307.1 0.7285714285714285 0.6714285714285714 0.8496962030152683 0.7936773229310896
348.6000000000001 0.8285714285714286 0.8428571428571429 0.9028086180814846 0.8718966477745081
390.1 0.9285714285714286 0.8714285714285714 0.93356479184745 0.9164044285691847
431.6 0.9285714285714286 0.9 0.9513314679002955 0.9417289630689257
473.1000000000001 0.9857142857142858 0.9857142857142858 0.9615955291933429 0.9561885103026974
514.6 0.9571428571428572 1.0 0.9675286360867905 0.9644716963926847
556.1000000000001 0.9714285714285714 0.9857142857142858 0.9709597842791616 0.9692276387353422
597.6 1.0 1.0 0.972944424621319 0.9719620331378017
